358
94
228
327
311
74
245
186
107
193
190
22
114
5
50
170
51
131
352
55
239
69
357
96
153
65
334
222
151
143
45
2
54
185
209
139
106
306
302
274
255
184
116
132
104
252
335
84
32
31
92
206
191
295
289
231
148
128
293
158
149
210
320
214
161
152
183
150
331
163
6
284
338
277
351
102
180
350
207
122
267
244
19
14
86
165
108
253
52
20
97
263
282
238
113
269
256
318
300
119
202
237
355
147
90
305
91
129
100
135
87
288
221
303
301
296
141
10
27
61
142
312
299
49
63
271
64
72
172
322
349
101
266
43
12
220
46
164
218
339
230
33
275
192
276
204
242
40
167
56
25
215
308
75
326
314
177
340
200
70
182
181
328
273
77
18
343
313
286
124
203
73
62
134
162
133
146
59
125
329
319
261
330
257
234
247
21
298
103
157
198
155
89
344
83
41
354
24
232
333
254
160
317
154
208
297
99
136
85
105
35
42
188
249
39
138
60
321
265
323
336
268
227
315
259
109
16
225
11
81
246
15
8
23
57
137
187
205
93
248
219
196
82
79
175
307
241
189
342
34
9
169
348
292
174
7
145
171
168
217
201
258
48
278
325
211
226
127
98
47
260
223
4
44
272
37
28
53
235
199
212
287
17
120
240
26
112
71
213
130
111
195
76
1
283
118
310
36
29
346
290
233
78
316
224
159
3
281
324
264
341
280
88
58
243
178
176
95
156
30
347
291
144
123
197
126
294
13
121
285
66
194
67
270
337
262
332
279
250
38
80
0
229
115
356
216
68
353
140
110
304
117
166
179
173
309
251
236
345
94
