358
208
106
258
190
297
304
174
145
284
188
220
46
340
200
68
353
287
217
201
166
179
173
301
324
272
153
65
53
240
276
191
342
120
10
27
24
117
225
11
15
242
40
162
133
292
228
71
96
122
303
281
343
313
90
305
137
234
267
20
118
223
134
82
259
260
146
219
196
102
241
311
245
139
271
253
159
3
170
92
189
2
212
135
21
333
70
103
254
318
180
350
323
336
147
132
114
5
155
97
124
326
273
169
348
335
105
136
85
317
66
14
177
296
331
59
44
300
45
25
38
339
230
250
12
89
182
279
338
334
157
198
93
60
312
195
156
30
298
206
295
193
229
309
325
211
226
126
294
263
282
238
192
32
31
236
161
152
183
356
216
17
285
130
349
101
76
0
233
67
270
329
55
52
171
61
237
355
269
231
328
213
264
341
280
167
7
246
6
81
247
222
316
224
127
98
87
83
142
109
314
252
320
64
51
19
227
315
116
266
151
143
138
113
84
33
178
184
214
158
149
91
48
73
62
88
58
261
330
257
80
1
283
347
291
72
172
111
141
34
9
49
78
43
215
308
115
352
290
77
42
8
23
54
57
221
199
185
327
26
112
248
144
123
256
160
268
128
293
187
205
306
351
99
86
165
150
299
186
107
94
235
202
13
121
35
18
108
95
4
125
321
337
262
332
207
232
249
47
319
243
286
22
357
168
36
29
164
218
346
79
129
75
209
154
322
275
204
344
288
194
131
37
50
345
289
175
307
210
176
278
277
302
274
140
110
197
203
74
310
41
354
251
255
265
181
104
63
28
16
239
69
39
119
244
148
163
56
100
208
